-500	-500	302655.077400
-500	-490	210573.325910
-500	-480	118283.430853
-500	-470	30557.651723
-500	-460	-48021.987007
-500	-450	-113316.891506
-500	-440	-161874.624695
-500	-430	-191146.660984
-500	-420	-199666.601890
-500	-410	-187175.069901
-500	-400	-154679.220253
-500	-390	-104437.514124
-500	-380	-39864.072430
-500	-370	34648.497819
-500	-360	113983.592611
-500	-350	192622.368337
-500	-340	265016.687780
-500	-330	325991.346340
-500	-320	371148.521814
-500	-310	397243.457295
-500	-300	402498.232447
-500	-290	386820.662022
-500	-280	351898.383475
-500	-270	301144.442277
-500	-260	239480.348940
-500	-250	172955.592365
-500	-240	108218.524914
-500	-230	51871.530525
-500	-220	9762.097747
-500	-210	-13721.038132
-500	-200	-16263.552550
-500	-190	1937.680517
-500	-180	38005.319130
-500	-170	86553.766797
-500	-160	140246.861720
-500	-150	190738.286295
-500	-140	229928.927625
-500	-130	251399.750669
-500	-120	251798.421019
-500	-110	231886.724341
-500	-100	196914.647240
-500	-90	156004.534219
-500	-80	120341.039519
-500	-70	100209.595985
-500	-60	101342.607774
-500	-50	121627.462725
-500	-40	149941.267961
-500	-30	169465.195618
-500	-20	167605.490257
-500	-10	151500.859621
-500	0	151327.538700
-500	10	151154.217780
-500	20	135049.587144
-500	30	133189.881782
-500	40	152713.809439
-500	50	181027.614675
-500	60	201312.469626
-500	70	202445.481415
-500	80	182314.037881
-500	90	146650.543182
-500	100	105740.430160
-500	110	70768.353059
-500	120	50856.656381
-500	130	51255.326731
-500	140	72726.149775
-500	150	111916.791105
-500	160	162408.215680
-500	170	216101.310603
-500	180	264649.758270
-500	190	300717.396883
-500	200	318918.629951
-500	210	316376.115532
-500	220	292892.979653
-500	230	250783.546876
-500	240	194436.552486
-500	250	129699.485035
-500	260	63174.728460
-500	270	1510.635123
-500	280	-49243.306075
-500	290	-84165.584621
-500	300	-99843.155047
-500	310	-94588.379895
-500	320	-68493.444414
-500	330	-23336.268939
-500	340	37638.389620
-500	350	110032.709064
-500	360	188671.484789
-500	370	268006.579581
-500	380	342519.149830
-500	390	407092.591525
-500	400	457334.297653
-500	410	489830.147301
-500	420	502321.679291
-500	430	493801.738384
-500	440	464529.702095
-500	450	415971.968906
-500	460	350677.064407
-500	470	272097.425677
-500	480	184371.646547
-500	490	92081.751490

-490	-500	210573.325910
-490	-490	118491.574419
-490	-480	26201.679363
-490	-470	-61524.099767
-490	-460	-140103.738497
-490	-450	-205398.642996
-490	-440	-253956.376185
-490	-430	-283228.412474
-490	-420	-291748.353381
-490	-410	-279256.821391
-490	-400	-246760.971743
-490	-390	-196519.265615
-490	-380	-131945.823921
-490	-370	-57433.253671
-490	-360	21901.841121
-490	-350	100540.616846
-490	-340	172934.936290
-490	-330	233909.594849
-490	-320	279066.770324
-490	-310	305161.705805
-490	-300	310416.480956
-490	-290	294738.910531
-490	-280	259816.631985
-490	-270	209062.690787
-490	-260	147398.597450
-490	-250	80873.840875
-490	-240	16136.773423
-490	-230	-40210.220966
-490	-220	-82319.653743
-490	-210	-105802.789622
-490	-200	-108345.304041
-490	-190	-90144.070973
-490	-180	-54076.432360
-490	-170	-5527.984694
-490	-160	48165.110230
-490	-150	98656.534805
-490	-140	137847.176135
-490	-130	159317.999179
-490	-120	159716.669528
-490	-110	139804.972851
-490	-100	104832.895750
-490	-90	63922.782728
-490	-80	28259.288029
-490	-70	8127.844495
-490	-60	9260.856283
-490	-50	29545.711235
-490	-40	57859.516470
-490	-30	77383.444128
-490	-20	75523.738766
-490	-10	59419.108130
-490	0	59245.787210
-490	10	59072.466289
-490	20	42967.835653
-490	30	41108.130291
-490	40	60632.057949
-490	50	88945.863185
-490	60	109230.718136
-490	70	110363.729925
-490	80	90232.286391
-490	90	54568.791691
-490	100	13658.678669
-490	110	-21313.398432
-490	120	-41225.095109
-490	130	-40826.424759
-490	140	-19355.601716
-490	150	19835.039615
-490	160	70326.464190
-490	170	124019.559113
-490	180	172568.006779
-490	190	208635.645393
-490	200	226836.878460
-490	210	224294.364042
-490	220	200811.228162
-490	230	158701.795385
-490	240	102354.800996
-490	250	37617.733544
-490	260	-28907.023030
-490	270	-90571.116367
-490	280	-141325.057565
-490	290	-176247.336112
-490	300	-191924.906537
-490	310	-186670.131385
-490	320	-160575.195904
-490	330	-115418.020430
-490	340	-54443.361870
-490	350	17950.957573
-490	360	96589.733298
-490	370	175924.828090
-490	380	250437.398340
-490	390	315010.840034
-490	400	365252.546163
-490	410	397748.395811
-490	420	410239.927800
-490	430	401719.986894
-490	440	372447.950605
-490	450	323890.217416
-490	460	258595.312917
-490	470	180015.674186
-490	480	92289.895057
-490	490	0.000000

-480	-500	118283.430853
-480	-490	26201.679363
-480	-480	-66088.215694
-480	-470	-153813.994824
-480	-460	-232393.633554
-480	-450	-297688.538053
-480	-440	-346246.271242
-480	-430	-375518.307531
-480	-420	-384038.248438
-480	-410	-371546.716448
-480	-400	-339050.866800
-480	-390	-288809.160672
-480	-380	-224235.718977
-480	-370	-149723.148728
-480	-360	-70388.053936
-480	-350	8250.721789
-480	-340	80645.041233
-480	-330	141619.699792
-480	-320	186776.875267
-480	-310	212871.810748
-480	-300	218126.585900
-480	-290	202449.015474
-480	-280	167526.736928
-480	-270	116772.795730
-480	-260	55108.702393
-480	-250	-11416.054182
-480	-240	-76153.121634
-480	-230	-132500.116023
-480	-220	-174609.548800
-480	-210	-198092.684679
-480	-200	-200635.199098
-480	-190	-182433.966030
-480	-180	-146366.327417
-480	-170	-97817.879751
-480	-160	-44124.784827
-480	-150	6366.639748
-480	-140	45557.281078
-480	-130	67028.104122
-480	-120	67426.774471
-480	-110	47515.077794
-480	-100	12543.000693
-480	-90	-28367.112329
-480	-80	-64030.607028
-480	-70	-84162.050562
-480	-60	-83029.038774
-480	-50	-62744.183822
-480	-40	-34430.378586
-480	-30	-14906.450929
-480	-20	-16766.156291
-480	-10	-32870.786927
-480	0	-33044.107847
-480	10	-33217.428768
-480	20	-49322.059404
-480	30	-51181.764766
-480	40	-31657.837108
-480	50	-3344.031872
-480	60	16940.823079
-480	70	18073.834868
-480	80	-2057.608666
-480	90	-37721.103366
-480	100	-78631.216387
-480	110	-113603.293488
-480	120	-133514.990166
-480	130	-133116.319816
-480	140	-111645.496772
-480	150	-72454.855442
-480	160	-21963.430867
-480	170	31729.664056
-480	180	80278.111722
-480	190	116345.750336
-480	200	134546.983403
-480	210	132004.468985
-480	220	108521.333105
-480	230	66411.900328
-480	240	10064.905939
-480	250	-54672.161512
-480	260	-121196.918087
-480	270	-182861.011424
-480	280	-233614.952622
-480	290	-268537.231169
-480	300	-284214.801594
-480	310	-278960.026442
-480	320	-252865.090961
-480	330	-207707.915487
-480	340	-146733.256927
-480	350	-74338.937484
-480	360	4299.838242
-480	370	83634.933033
-480	380	158147.503283
-480	390	222720.944977
-480	400	272962.651106
-480	410	305458.500754
-480	420	317950.032743
-480	430	309430.091837
-480	440	280158.055548
-480	450	231600.322359
-480	460	166305.417860
-480	470	87725.779129
-480	480	0.000000
-480	490	-92289.895057

-470	-500	30557.651723
-470	-490	-61524.099767
-470	-480	-153813.994824
-470	-470	-241539.773953
-470	-460	-320119.412684
-470	-450	-385414.317182
-470	-440	-433972.050371
-470	-430	-463244.086661
-470	-420	-471764.027567
-470	-410	-459272.495578
-470	-400	-426776.645929
-470	-390	-376534.939801
-470	-380	-311961.498107
-470	-370	-237448.927857
-470	-360	-158113.833065
-470	-350	-79475.057340
-470	-340	-7080.737896
-470	-330	53893.920663
-470	-320	99051.096138
-470	-310	125146.031618
-470	-300	130400.806770
-470	-290	114723.236345
-470	-280	79800.957798
-470	-270	29047.016600
-470	-260	-32617.076736
-470	-250	-99141.833311
-470	-240	-163878.900763
-470	-230	-220225.895152
-470	-220	-262335.327929
-470	-210	-285818.463809
-470	-200	-288360.978227
-470	-190	-270159.745160
-470	-180	-234092.106546
-470	-170	-185543.658880
-470	-160	-131850.563957
-470	-150	-81359.139382
-470	-140	-42168.498051
-470	-130	-20697.675008
-470	-120	-20299.004658
-470	-110	-40210.701335
-470	-100	-75182.778436
-470	-90	-116092.891458
-470	-80	-151756.386158
-470	-70	-171887.829692
-470	-60	-170754.817903
-470	-50	-150469.962952
-470	-40	-122156.157716
-470	-30	-102632.230058
-470	-20	-104491.935420
-470	-10	-120596.566056
-470	0	-120769.886977
-470	10	-120943.207897
-470	20	-137047.838533
-470	30	-138907.543895
-470	40	-119383.616237
-470	50	-91069.811001
-470	60	-70784.956050
-470	70	-69651.944261
-470	80	-89783.387796
-470	90	-125446.882495
-470	100	-166356.995517
-470	110	-201329.072618
-470	120	-221240.769295
-470	130	-220842.098946
-470	140	-199371.275902
-470	150	-160180.634571
-470	160	-109689.209997
-470	170	-55996.115073
-470	180	-7447.667407
-470	190	28619.971207
-470	200	46821.204274
-470	210	44278.689856
-470	220	20795.553976
-470	230	-21313.878801
-470	240	-77660.873190
-470	250	-142397.940642
-470	260	-208922.697217
-470	270	-270586.790553
-470	280	-321340.731752
-470	290	-356263.010298
-470	300	-371940.580723
-470	310	-366685.805572
-470	320	-340590.870091
-470	330	-295433.694616
-470	340	-234459.036057
-470	350	-162064.716613
-470	360	-83425.940888
-470	370	-4090.846096
-470	380	70421.724154
-470	390	134995.165848
-470	400	185236.871976
-470	410	217732.721625
-470	420	230224.253614
-470	430	221704.312707
-470	440	192432.276418
-470	450	143874.543229
-470	460	78579.638730
-470	470	0.000000
-470	480	-87725.779129
-470	490	-180015.674186

-460	-500	-48021.987007
-460	-490	-140103.738497
-460	-480	-232393.633554
-460	-470	-320119.412684
-460	-460	-398699.051414
-460	-450	-463993.955913
-460	-440	-512551.689102
-460	-430	-541823.725391
-460	-420	-550343.666298
-460	-410	-537852.134308
-460	-400	-505356.284660
-460	-390	-455114.578532
-460	-380	-390541.136837
-460	-370	-316028.566588
-460	-360	-236693.471796
-460	-350	-158054.696070
-460	-340	-85660.376627
-460	-330	-24685.718068
-460	-320	20471.457407
-460	-310	46566.392888
-460	-300	51821.168040
-460	-290	36143.597615
-460	-280	1221.319068
-460	-270	-49532.622130
-460	-260	-111196.715467
-460	-250	-177721.472042
-460	-240	-242458.539493
-460	-230	-298805.533883
-460	-220	-340914.966660
-460	-210	-364398.102539
-460	-200	-366940.616958
-460	-190	-348739.383890
-460	-180	-312671.745277
-460	-170	-264123.297610
-460	-160	-210430.202687
-460	-150	-159938.778112
-460	-140	-120748.136782
-460	-130	-99277.313738
-460	-120	-98878.643388
-460	-110	-118790.340066
-460	-100	-153762.417167
-460	-90	-194672.530189
-460	-80	-230336.024888
-460	-70	-250467.468422
-460	-60	-249334.456633
-460	-50	-229049.601682
-460	-40	-200735.796446
-460	-30	-181211.868789
-460	-20	-183071.574150
-460	-10	-199176.204787
-460	0	-199349.525707
-460	10	-199522.846627
-460	20	-215627.477264
-460	30	-217487.182625
-460	40	-197963.254968
-460	50	-169649.449732
-460	60	-149364.594781
-460	70	-148231.582992
-460	80	-168363.026526
-460	90	-204026.521225
-460	100	-244936.634247
-460	110	-279908.711348
-460	120	-299820.408026
-460	130	-299421.737676
-460	140	-277950.914632
-460	150	-238760.273302
-460	160	-188268.848727
-460	170	-134575.753804
-460	180	-86027.306137
-460	190	-49959.667524
-460	200	-31758.434457
-460	210	-34300.948875
-460	220	-57784.084754
-460	230	-99893.517531
-460	240	-156240.511921
-460	250	-220977.579372
-460	260	-287502.335947
-460	270	-349166.429284
-460	280	-399920.370482
-460	290	-434842.649029
-460	300	-450520.219454
-460	310	-445265.444302
-460	320	-419170.508821
-460	330	-374013.333346
-460	340	-313038.674787
-460	350	-240644.355344
-460	360	-162005.579618
-460	370	-82670.484826
-460	380	-8157.914577
-460	390	56415.527118
-460	400	106657.233246
-460	410	139153.082894
-460	420	151644.614884
-460	430	143124.673977
-460	440	113852.637688
-460	450	65294.904499
-460	460	0.000000
-460	470	-78579.638730
-460	480	-166305.417860
-460	490	-258595.312917

-450	-500	-113316.891506
-450	-490	-205398.642996
-450	-480	-297688.538053
-450	-470	-385414.317182
-450	-460	-463993.955913
-450	-450	-529288.860412
-450	-440	-577846.593601
-450	-430	-607118.629890
-450	-420	-615638.570796
-450	-410	-603147.038807
-450	-400	-570651.189159
-450	-390	-520409.483030
-450	-380	-455836.041336
-450	-370	-381323.471086
-450	-360	-301988.376295
-450	-350	-223349.600569
-450	-340	-150955.281126
-450	-330	-89980.622566
-450	-320	-44823.447092
-450	-310	-18728.511611
-450	-300	-13473.736459
-450	-290	-29151.306884
-450	-280	-64073.585431
-450	-270	-114827.526629
-450	-260	-176491.619966
-450	-250	-243016.376541
-450	-240	-307753.443992
-450	-230	-364100.438381
-450	-220	-406209.871158
-450	-210	-429693.007038
-450	-200	-432235.521456
-450	-190	-414034.288389
-450	-180	-377966.649775
-450	-170	-329418.202109
-450	-160	-275725.107186
-450	-150	-225233.682611
-450	-140	-186043.041281
-450	-130	-164572.218237
-450	-120	-164173.547887
-450	-110	-184085.244565
-450	-100	-219057.321666
-450	-90	-259967.434687
-450	-80	-295630.929387
-450	-70	-315762.372921
-450	-60	-314629.361132
-450	-50	-294344.506181
-450	-40	-266030.700945
-450	-30	-246506.773287
-450	-20	-248366.478649
-450	-10	-264471.109285
-450	0	-264644.430206
-450	10	-264817.751126
-450	20	-280922.381762
-450	30	-282782.087124
-450	40	-263258.159467
-450	50	-234944.354231
-450	60	-214659.499279
-450	70	-213526.487491
-450	80	-233657.931025
-450	90	-269321.425724
-450	100	-310231.538746
-450	110	-345203.615847
-450	120	-365115.312524
-450	130	-364716.642175
-450	140	-343245.819131
-450	150	-304055.177801
-450	160	-253563.753226
-450	170	-199870.658302
-450	180	-151322.210636
-450	190	-115254.572023
-450	200	-97053.338955
-450	210	-99595.853374
-450	220	-123078.989253
-450	230	-165188.422030
-450	240	-221535.416419
-450	250	-286272.483871
-450	260	-352797.240446
-450	270	-414461.333783
-450	280	-465215.274981
-450	290	-500137.553527
-450	300	-515815.123953
-450	310	-510560.348801
-450	320	-484465.413320
-450	330	-439308.237845
-450	340	-378333.579286
-450	350	-305939.259842
-450	360	-227300.484117
-450	370	-147965.389325
-450	380	-73452.819076
-450	390	-8879.377381
-450	400	41362.328747
-450	410	73858.178395
-450	420	86349.710385
-450	430	77829.769478
-450	440	48557.733189
-450	450	0.000000
-450	460	-65294.904499
-450	470	-143874.543229
-450	480	-231600.322359
-450	490	-323890.217416

-440	-500	-161874.624695
-440	-490	-253956.376185
-440	-480	-346246.271242
-440	-470	-433972.050371
-440	-460	-512551.689102
-440	-450	-577846.593601
-440	-440	-626404.326790
-440	-430	-655676.363079
-440	-420	-664196.303985
-440	-410	-651704.771996
-440	-400	-619208.922348
-440	-390	-568967.216219
-440	-380	-504393.774525
-440	-370	-429881.204275
-440	-360	-350546.109484
-440	-350	-271907.333758
-440	-340	-199513.014315
-440	-330	-138538.355755
-440	-320	-93381.180281
-440	-310	-67286.244800
-440	-300	-62031.469648
-440	-290	-77709.040073
-440	-280	-112631.318620
-440	-270	-163385.259818
-440	-260	-225049.353155
-440	-250	-291574.109730
-440	-240	-356311.177181
-440	-230	-412658.171570
-440	-220	-454767.604347
-440	-210	-478250.740227
-440	-200	-480793.254645
-440	-190	-462592.021578
-440	-180	-426524.382964
-440	-170	-377975.935298
-440	-160	-324282.840375
-440	-150	-273791.415800
-440	-140	-234600.774470
-440	-130	-213129.951426
-440	-120	-212731.281076
-440	-110	-232642.977754
-440	-100	-267615.054855
-440	-90	-308525.167876
-440	-80	-344188.662576
-440	-70	-364320.106110
-440	-60	-363187.094321
-440	-50	-342902.239370
-440	-40	-314588.434134
-440	-30	-295064.506476
-440	-20	-296924.211838
-440	-10	-313028.842474
-440	0	-313202.163395
-440	10	-313375.484315
-440	20	-329480.114951
-440	30	-331339.820313
-440	40	-311815.892656
-440	50	-283502.087420
-440	60	-263217.232468
-440	70	-262084.220680
-440	80	-282215.664214
-440	90	-317879.158913
-440	100	-358789.271935
-440	110	-393761.349036
-440	120	-413673.045713
-440	130	-413274.375364
-440	140	-391803.552320
-440	150	-352612.910990
-440	160	-302121.486415
-440	170	-248428.391491
-440	180	-199879.943825
-440	190	-163812.305212
-440	200	-145611.072144
-440	210	-148153.586563
-440	220	-171636.722442
-440	230	-213746.155219
-440	240	-270093.149608
-440	250	-334830.217060
-440	260	-401354.973635
-440	270	-463019.066972
-440	280	-513773.008170
-440	290	-548695.286716
-440	300	-564372.857142
-440	310	-559118.081990
-440	320	-533023.146509
-440	330	-487865.971034
-440	340	-426891.312475
-440	350	-354496.993031
-440	360	-275858.217306
-440	370	-196523.122514
-440	380	-122010.552265
-440	390	-57437.110570
-440	400	-7195.404442
-440	410	25300.445206
-440	420	37791.977196
-440	430	29272.036289
-440	440	0.000000
-440	450	-48557.733189
-440	460	-113852.637688
-440	470	-192432.276418
-440	480	-280158.055548
-440	490	-372447.950605

-430	-500	-191146.660984
-430	-490	-283228.412474
-430	-480	-375518.307531
-430	-470	-463244.086661
-430	-460	-541823.725391
-430	-450	-607118.629890
-430	-440	-655676.363079
-430	-430	-684948.399368
-430	-420	-693468.340275
-430	-410	-680976.808285
-430	-400	-648480.958637
-430	-390	-598239.252509
-430	-380	-533665.810814
-430	-370	-459153.240565
-430	-360	-379818.145773
-430	-350	-301179.370047
-430	-340	-228785.050604
-430	-330	-167810.392045
-430	-320	-122653.216570
-430	-310	-96558.281089
-430	-300	-91303.505937
-430	-290	-106981.076362
-430	-280	-141903.354909
-430	-270	-192657.296107
-430	-260	-254321.389444
-430	-250	-320846.146019
-430	-240	-385583.213470
-430	-230	-441930.207860
-430	-220	-484039.640637
-430	-210	-507522.776516
-430	-200	-510065.290934
-430	-190	-491864.057867
-430	-180	-455796.419254
-430	-170	-407247.971587
-430	-160	-353554.876664
-430	-150	-303063.452089
-430	-140	-263872.810759
-430	-130	-242401.987715
-430	-120	-242003.317365
-430	-110	-261915.014043
-430	-100	-296887.091144
-430	-90	-337797.204166
-430	-80	-373460.698865
-430	-70	-393592.142399
-430	-60	-392459.130610
-430	-50	-372174.275659
-430	-40	-343860.470423
-430	-30	-324336.542766
-430	-20	-326196.248127
-430	-10	-342300.878764
-430	0	-342474.199684
-430	10	-342647.520604
-430	20	-358752.151241
-430	30	-360611.856602
-430	40	-341087.928945
-430	50	-312774.123709
-430	60	-292489.268758
-430	70	-291356.256969
-430	80	-311487.700503
-430	90	-347151.195202
-430	100	-388061.308224
-430	110	-423033.385325
-430	120	-442945.082003
-430	130	-442546.411653
-430	140	-421075.588609
-430	150	-381884.947279
-430	160	-331393.522704
-430	170	-277700.427781
-430	180	-229151.980114
-430	190	-193084.341501
-430	200	-174883.108433
-430	210	-177425.622852
-430	220	-200908.758731
-430	230	-243018.191508
-430	240	-299365.185898
-430	250	-364102.253349
-430	260	-430627.009924
-430	270	-492291.103261
-430	280	-543045.044459
-430	290	-577967.323006
-430	300	-593644.893431
-430	310	-588390.118279
-430	320	-562295.182798
-430	330	-517138.007323
-430	340	-456163.348764
-430	350	-383769.029321
-430	360	-305130.253595
-430	370	-225795.158803
-430	380	-151282.588554
-430	390	-86709.146859
-430	400	-36467.440731
-430	410	-3971.591083
-430	420	8519.940907
-430	430	0.000000
-430	440	-29272.036289
-430	450	-77829.769478
-430	460	-143124.673977
-430	470	-221704.312707
-430	480	-309430.091837
-430	490	-401719.986894

-420	-500	-199666.601890
-420	-490	-291748.353381
-420	-480	-384038.248438
-420	-470	-471764.027567
-420	-460	-550343.666298
-420	-450	-615638.570796
-420	-440	-664196.303985
-420	-430	-693468.340275
-420	-420	-701988.281181
-420	-410	-689496.749192
-420	-400	-657000.899543
-420	-390	-606759.193415
-420	-380	-542185.751721
-420	-370	-467673.181471
-420	-360	-388338.086679
-420	-350	-309699.310954
-420	-340	-237304.991510
-420	-330	-176330.332951
-420	-320	-131173.157476
-420	-310	-105078.221996
-420	-300	-99823.446844
-420	-290	-115501.017269
-420	-280	-150423.295816
-420	-270	-201177.237014
-420	-260	-262841.330350
-420	-250	-329366.086925
-420	-240	-394103.154377
-420	-230	-450450.148766
-420	-220	-492559.581543
-420	-210	-516042.717423
-420	-200	-518585.231841
-420	-190	-500383.998774
-420	-180	-464316.360160
-420	-170	-415767.912494
-420	-160	-362074.817570
-420	-150	-311583.392996
-420	-140	-272392.751665
-420	-130	-250921.928622
-420	-120	-250523.258272
-420	-110	-270434.954949
-420	-100	-305407.032050
-420	-90	-346317.145072
-420	-80	-381980.639772
-420	-70	-402112.083306
-420	-60	-400979.071517
-420	-50	-380694.216566
-420	-40	-352380.411330
-420	-30	-332856.483672
-420	-20	-334716.189034
-420	-10	-350820.819670
-420	0	-350994.140591
-420	10	-351167.461511
-420	20	-367272.092147
-420	30	-369131.797509
-420	40	-349607.869851
-420	50	-321294.064615
-420	60	-301009.209664
-420	70	-299876.197875
-420	80	-320007.641410
-420	90	-355671.136109
-420	100	-396581.249131
-420	110	-431553.326232
-420	120	-451465.022909
-420	130	-451066.352560
-420	140	-429595.529516
-420	150	-390404.888185
-420	160	-339913.463611
-420	170	-286220.368687
-420	180	-237671.921021
-420	190	-201604.282407
-420	200	-183403.049340
-420	210	-185945.563758
-420	220	-209428.699638
-420	230	-251538.132415
-420	240	-307885.126804
-420	250	-372622.194256
-420	260	-439146.950831
-420	270	-500811.044167
-420	280	-551564.985366
-420	290	-586487.263912
-420	300	-602164.834337
-420	310	-596910.059186
-420	320	-570815.123705
-420	330	-525657.948230
-420	340	-464683.289671
-420	350	-392288.970227
-420	360	-313650.194502
-420	370	-234315.099710
-420	380	-159802.529460
-420	390	-95229.087766
-420	400	-44987.381638
-420	410	-12491.531989
-420	420	0.000000
-420	430	-8519.940907
-420	440	-37791.977196
-420	450	-86349.710385
-420	460	-151644.614884
-420	470	-230224.253614
-420	480	-317950.032743
-420	490	-410239.927800

-410	-500	-187175.069901
-410	-490	-279256.821391
-410	-480	-371546.716448
-410	-470	-459272.495578
-410	-460	-537852.134308
-410	-450	-603147.038807
-410	-440	-651704.771996
-410	-430	-680976.808285
-410	-420	-689496.749192
-410	-410	-677005.217202
-410	-400	-644509.367554
-410	-390	-594267.661426
-410	-380	-529694.219732
-410	-370	-455181.649482
-410	-360	-375846.554690
-410	-350	-297207.778965
-410	-340	-224813.459521
-410	-330	-163838.800962
-410	-320	-118681.625487
-410	-310	-92586.690006
-410	-300	-87331.914854
-410	-290	-103009.485280
-410	-280	-137931.763826
-410	-270	-188685.705024
-410	-260	-250349.798361
-410	-250	-316874.554936
-410	-240	-381611.622388
-410	-230	-437958.616777
-410	-220	-480068.049554
-410	-210	-503551.185433
-410	-200	-506093.699852
-410	-190	-487892.466784
-410	-180	-451824.828171
-410	-170	-403276.380505
-410	-160	-349583.285581
-410	-150	-299091.861006
-410	-140	-259901.219676
-410	-130	-238430.396632
-410	-120	-238031.726283
-410	-110	-257943.422960
-410	-100	-292915.500061
-410	-90	-333825.613083
-410	-80	-369489.107782
-410	-70	-389620.551316
-410	-60	-388487.539528
-410	-50	-368202.684576
-410	-40	-339888.879340
-410	-30	-320364.951683
-410	-20	-322224.657045
-410	-10	-338329.287681
-410	0	-338502.608601
-410	10	-338675.929522
-410	20	-354780.560158
-410	30	-356640.265520
-410	40	-337116.337862
-410	50	-308802.532626
-410	60	-288517.677675
-410	70	-287384.665886
-410	80	-307516.109420
-410	90	-343179.604120
-410	100	-384089.717142
-410	110	-419061.794242
-410	120	-438973.490920
-410	130	-438574.820570
-410	140	-417103.997526
-410	150	-377913.356196
-410	160	-327421.931621
-410	170	-273728.836698
-410	180	-225180.389032
-410	190	-189112.750418
-410	200	-170911.517351
-410	210	-173454.031769
-410	220	-196937.167649
-410	230	-239046.600426
-410	240	-295393.594815
-410	250	-360130.662266
-410	260	-426655.418841
-410	270	-488319.512178
-410	280	-539073.453376
-410	290	-573995.731923
-410	300	-589673.302348
-410	310	-584418.527196
-410	320	-558323.591715
-410	330	-513166.416241
-410	340	-452191.757681
-410	350	-379797.438238
-410	360	-301158.662512
-410	370	-221823.567721
-410	380	-147310.997471
-410	390	-82737.555777
-410	400	-32495.849648
-410	410	0.000000
-410	420	12491.531989
-410	430	3971.591083
-410	440	-25300.445206
-410	450	-73858.178395
-410	460	-139153.082894
-410	470	-217732.721625
-410	480	-305458.500754
-410	490	-397748.395811

-400	-500	-154679.220253
-400	-490	-246760.971743
-400	-480	-339050.866800
-400	-470	-426776.645929
-400	-460	-505356.284660
-400	-450	-570651.189159
-400	-440	-619208.922348
-400	-430	-648480.958637
-400	-420	-657000.899543
-400	-410	-644509.367554
-400	-400	-612013.517906
-400	-390	-561771.811777
-400	-380	-497198.370083
-400	-370	-422685.799833
-400	-360	-343350.705042
-400	-350	-264711.929316
-400	-340	-192317.609873
-400	-330	-131342.951313
-400	-320	-86185.775839
-400	-310	-60090.840358
-400	-300	-54836.065206
-400	-290	-70513.635631
-400	-280	-105435.914178
-400	-270	-156189.855376
-400	-260	-217853.948713
-400	-250	-284378.705288
-400	-240	-349115.772739
-400	-230	-405462.767128
-400	-220	-447572.199905
-400	-210	-471055.335785
-400	-200	-473597.850203
-400	-190	-455396.617136
-400	-180	-419328.978522
-400	-170	-370780.530856
-400	-160	-317087.435933
-400	-150	-266596.011358
-400	-140	-227405.370028
-400	-130	-205934.546984
-400	-120	-205535.876634
-400	-110	-225447.573312
-400	-100	-260419.650413
-400	-90	-301329.763434
-400	-80	-336993.258134
-400	-70	-357124.701668
-400	-60	-355991.689879
-400	-50	-335706.834928
-400	-40	-307393.029692
-400	-30	-287869.102034
-400	-20	-289728.807396
-400	-10	-305833.438032
-400	0	-306006.758953
-400	10	-306180.079873
-400	20	-322284.710509
-400	30	-324144.415871
-400	40	-304620.488214
-400	50	-276306.682978
-400	60	-256021.828026
-400	70	-254888.816238
-400	80	-275020.259772
-400	90	-310683.754471
-400	100	-351593.867493
-400	110	-386565.944594
-400	120	-406477.641271
-400	130	-406078.970922
-400	140	-384608.147878
-400	150	-345417.506548
-400	160	-294926.081973
-400	170	-241232.987049
-400	180	-192684.539383
-400	190	-156616.900770
-400	200	-138415.667702
-400	210	-140958.182121
-400	220	-164441.318000
-400	230	-206550.750777
-400	240	-262897.745166
-400	250	-327634.812618
-400	260	-394159.569193
-400	270	-455823.662530
-400	280	-506577.603728
-400	290	-541499.882274
-400	300	-557177.452700
-400	310	-551922.677548
-400	320	-525827.742067
-400	330	-480670.566592
-400	340	-419695.908033
-400	350	-347301.588589
-400	360	-268662.812864
-400	370	-189327.718072
-400	380	-114815.147823
-400	390	-50241.706128
-400	400	0.000000
-400	410	32495.849648
-400	420	44987.381638
-400	430	36467.440731
-400	440	7195.404442
-400	450	-41362.328747
-400	460	-106657.233246
-400	470	-185236.871976
-400	480	-272962.651106
-400	490	-365252.546163

-390	-500	-104437.514124
-390	-490	-196519.265615
-390	-480	-288809.160672
-390	-470	-376534.939801
-390	-460	-455114.578532
-390	-450	-520409.483030
-390	-440	-568967.216219
-390	-430	-598239.252509
-390	-420	-606759.193415
-390	-410	-594267.661426
-390	-400	-561771.811777
-390	-390	-511530.105649
-390	-380	-446956.663955
-390	-370	-372444.093705
-390	-360	-293108.998913
-390	-350	-214470.223188
-390	-340	-142075.903744
-390	-330	-81101.245185
-390	-320	-35944.069710
-390	-310	-9849.134230
-390	-300	-4594.359078
-390	-290	-20271.929503
-390	-280	-55194.208050
-390	-270	-105948.149248
-390	-260	-167612.242584
-390	-250	-234136.999159
-390	-240	-298874.066611
-390	-230	-355221.061000
-390	-220	-397330.493777
-390	-210	-420813.629657
-390	-200	-423356.144075
-390	-190	-405154.911008
-390	-180	-369087.272394
-390	-170	-320538.824728
-390	-160	-266845.729804
-390	-150	-216354.305230
-390	-140	-177163.663899
-390	-130	-155692.840856
-390	-120	-155294.170506
-390	-110	-175205.867183
-390	-100	-210177.944284
-390	-90	-251088.057306
-390	-80	-286751.552006
-390	-70	-306882.995540
-390	-60	-305749.983751
-390	-50	-285465.128800
-390	-40	-257151.323564
-390	-30	-237627.395906
-390	-20	-239487.101268
-390	-10	-255591.731904
-390	0	-255765.052825
-390	10	-255938.373745
-390	20	-272043.004381
-390	30	-273902.709743
-390	40	-254378.782085
-390	50	-226064.976849
-390	60	-205780.121898
-390	70	-204647.110109
-390	80	-224778.553644
-390	90	-260442.048343
-390	100	-301352.161365
-390	110	-336324.238466
-390	120	-356235.935143
-390	130	-355837.264794
-390	140	-334366.441750
-390	150	-295175.800419
-390	160	-244684.375845
-390	170	-190991.280921
-390	180	-142442.833255
-390	190	-106375.194641
-390	200	-88173.961574
-390	210	-90716.475992
-390	220	-114199.611872
-390	230	-156309.044649
-390	240	-212656.039038
-390	250	-277393.106490
-390	260	-343917.863065
-390	270	-405581.956401
-390	280	-456335.897600
-390	290	-491258.176146
-390	300	-506935.746571
-390	310	-501680.971420
-390	320	-475586.035939
-390	330	-430428.860464
-390	340	-369454.201905
-390	350	-297059.882461
-390	360	-218421.106736
-390	370	-139086.011944
-390	380	-64573.441694
-390	390	0.000000
-390	400	50241.706128
-390	410	82737.555777
-390	420	95229.087766
-390	430	86709.146859
-390	440	57437.110570
-390	450	8879.377381
-390	460	-56415.527118
-390	470	-134995.165848
-390	480	-222720.944977
-390	490	-315010.840034

-380	-500	-39864.072430
-380	-490	-131945.823921
-380	-480	-224235.718977
-380	-470	-311961.498107
-380	-460	-390541.136837
-380	-450	-455836.041336
-380	-440	-504393.774525
-380	-430	-533665.810814
-380	-420	-542185.751721
-380	-410	-529694.219732
-380	-400	-497198.370083
-380	-390	-446956.663955
-380	-380	-382383.222261
-380	-370	-307870.652011
-380	-360	-228535.557219
-380	-350	-149896.781494
-380	-340	-77502.462050
-380	-330	-16527.803491
-380	-320	28629.371984
-380	-310	54724.307465
-380	-300	59979.082616
-380	-290	44301.512191
-380	-280	9379.233645
-380	-270	-41374.707553
-380	-260	-103038.800890
-380	-250	-169563.557465
-380	-240	-234300.624917
-380	-230	-290647.619306
-380	-220	-332757.052083
-380	-210	-356240.187962
-380	-200	-358782.702381
-380	-190	-340581.469313
-380	-180	-304513.830700
-380	-170	-255965.383034
-380	-160	-202272.288110
-380	-150	-151780.863535
-380	-140	-112590.222205
-380	-130	-91119.399161
-380	-120	-90720.728812
-380	-110	-110632.425489
-380	-100	-145604.502590
-380	-90	-186514.615612
-380	-80	-222178.110311
-380	-70	-242309.553846
-380	-60	-241176.542057
-380	-50	-220891.687106
-380	-40	-192577.881870
-380	-30	-173053.954212
-380	-20	-174913.659574
-380	-10	-191018.290210
-380	0	-191191.611130
-380	10	-191364.932051
-380	20	-207469.562687
-380	30	-209329.268049
-380	40	-189805.340391
-380	50	-161491.535155
-380	60	-141206.680204
-380	70	-140073.668415
-380	80	-160205.111949
-380	90	-195868.606649
-380	100	-236778.719671
-380	110	-271750.796772
-380	120	-291662.493449
-380	130	-291263.823099
-380	140	-269793.000056
-380	150	-230602.358725
-380	160	-180110.934150
-380	170	-126417.839227
-380	180	-77869.391561
-380	190	-41801.752947
-380	200	-23600.519880
-380	210	-26143.034298
-380	220	-49626.170178
-380	230	-91735.602955
-380	240	-148082.597344
-380	250	-212819.664796
-380	260	-279344.421371
-380	270	-341008.514707
-380	280	-391762.455905
-380	290	-426684.734452
-380	300	-442362.304877
-380	310	-437107.529725
-380	320	-411012.594245
-380	330	-365855.418770
-380	340	-304880.760211
-380	350	-232486.440767
-380	360	-153847.665042
-380	370	-74512.570250
-380	380	0.000000
-380	390	64573.441694
-380	400	114815.147823
-380	410	147310.997471
-380	420	159802.529460
-380	430	151282.588554
-380	440	122010.552265
-380	450	73452.819076
-380	460	8157.914577
-380	470	-70421.724154
-380	480	-158147.503283
-380	490	-250437.398340

-370	-500	34648.497819
-370	-490	-57433.253671
-370	-480	-149723.148728
-370	-470	-237448.927857
-370	-460	-316028.566588
-370	-450	-381323.471086
-370	-440	-429881.204275
-370	-430	-459153.240565
-370	-420	-467673.181471
-370	-410	-455181.649482
-370	-400	-422685.799833
-370	-390	-372444.093705
-370	-380	-307870.652011
-370	-370	-233358.081761
-370	-360	-154022.986969
-370	-350	-75384.211244
-370	-340	-2989.891800
-370	-330	57984.766759
-370	-320	103141.942234
-370	-310	129236.877714
-370	-300	134491.652866
-370	-290	118814.082441
-370	-280	83891.803894
-370	-270	33137.862696
-370	-260	-28526.230640
-370	-250	-95050.987215
-370	-240	-159788.054667
-370	-230	-216135.049056
-370	-220	-258244.481833
-370	-210	-281727.617713
-370	-200	-284270.132131
-370	-190	-266068.899064
-370	-180	-230001.260450
-370	-170	-181452.812784
-370	-160	-127759.717861
-370	-150	-77268.293286
-370	-140	-38077.651955
-370	-130	-16606.828912
-370	-120	-16208.158562
-370	-110	-36119.855239
-370	-100	-71091.932340
-370	-90	-112002.045362
-370	-80	-147665.540062
-370	-70	-167796.983596
-370	-60	-166663.971807
-370	-50	-146379.116856
-370	-40	-118065.311620
-370	-30	-98541.383962
-370	-20	-100401.089324
-370	-10	-116505.719960
-370	0	-116679.040881
-370	10	-116852.361801
-370	20	-132956.992437
-370	30	-134816.697799
-370	40	-115292.770141
-370	50	-86978.964905
-370	60	-66694.109954
-370	70	-65561.098165
-370	80	-85692.541700
-370	90	-121356.036399
-370	100	-162266.149421
-370	110	-197238.226522
-370	120	-217149.923199
-370	130	-216751.252850
-370	140	-195280.429806
-370	150	-156089.788475
-370	160	-105598.363901
-370	170	-51905.268977
-370	180	-3356.821311
-370	190	32710.817303
-370	200	50912.050370
-370	210	48369.535952
-370	220	24886.400072
-370	230	-17223.032705
-370	240	-73570.027094
-370	250	-138307.094546
-370	260	-204831.851121
-370	270	-266495.944457
-370	280	-317249.885656
-370	290	-352172.164202
-370	300	-367849.734627
-370	310	-362594.959476
-370	320	-336500.023995
-370	330	-291342.848520
-370	340	-230368.189961
-370	350	-157973.870517
-370	360	-79335.094792
-370	370	0.000000
-370	380	74512.570250
-370	390	139086.011944
-370	400	189327.718072
-370	410	221823.567721
-370	420	234315.099710
-370	430	225795.158803
-370	440	196523.122514
-370	450	147965.389325
-370	460	82670.484826
-370	470	4090.846096
-370	480	-83634.933033
-370	490	-175924.828090

-360	-500	113983.592611
-360	-490	21901.841121
-360	-480	-70388.053936
-360	-470	-158113.833065
-360	-460	-236693.471796
-360	-450	-301988.376295
-360	-440	-350546.109484
-360	-430	-379818.145773
-360	-420	-388338.086679
-360	-410	-375846.554690
-360	-400	-343350.705042
-360	-390	-293108.998913
-360	-380	-228535.557219
-360	-370	-154022.986969
-360	-360	-74687.892177
-360	-350	3950.883548
-360	-340	76345.202992
-360	-330	137319.861551
-360	-320	182477.037025
-360	-310	208571.972506
-360	-300	213826.747658
-360	-290	198149.177233
-360	-280	163226.898686
-360	-270	112472.957488
-360	-260	50808.864151
-360	-250	-15715.892423
-360	-240	-80452.959875
-360	-230	-136799.954264
-360	-220	-178909.387041
-360	-210	-202392.522921
-360	-200	-204935.037339
-360	-190	-186733.804272
-360	-180	-150666.165658
-360	-170	-102117.717992
-360	-160	-48424.623069
-360	-150	2066.801506
-360	-140	41257.442837
-360	-130	62728.265880
-360	-120	63126.936230
-360	-110	43215.239553
-360	-100	8243.162452
-360	-90	-32666.950570
-360	-80	-68330.445270
-360	-70	-88461.888804
-360	-60	-87328.877015
-360	-50	-67044.022064
-360	-40	-38730.216828
-360	-30	-19206.289170
-360	-20	-21065.994532
-360	-10	-37170.625168
-360	0	-37343.946089
-360	10	-37517.267009
-360	20	-53621.897645
-360	30	-55481.603007
-360	40	-35957.675349
-360	50	-7643.870114
-360	60	12640.984838
-360	70	13773.996626
-360	80	-6357.446908
-360	90	-42020.941607
-360	100	-82931.054629
-360	110	-117903.131730
-360	120	-137814.828407
-360	130	-137416.158058
-360	140	-115945.335014
-360	150	-76754.693684
-360	160	-26263.269109
-360	170	27429.825815
-360	180	75978.273481
-360	190	112045.912094
-360	200	130247.145162
-360	210	127704.630743
-360	220	104221.494864
-360	230	62112.062087
-360	240	5765.067698
-360	250	-58971.999754
-360	260	-125496.756329
-360	270	-187160.849666
-360	280	-237914.790864
-360	290	-272837.069410
-360	300	-288514.639835
-360	310	-283259.864684
-360	320	-257164.929203
-360	330	-212007.753728
-360	340	-151033.095169
-360	350	-78638.775725
-360	360	0.000000
-360	370	79335.094792
-360	380	153847.665042
-360	390	218421.106736
-360	400	268662.812864
-360	410	301158.662512
-360	420	313650.194502
-360	430	305130.253595
-360	440	275858.217306
-360	450	227300.484117
-360	460	162005.579618
-360	470	83425.940888
-360	480	-4299.838242
-360	490	-96589.733298

-350	-500	192622.368337
-350	-490	100540.616846
-350	-480	8250.721789
-350	-470	-79475.057340
-350	-460	-158054.696070
-350	-450	-223349.600569
-350	-440	-271907.333758
-350	-430	-301179.370047
-350	-420	-309699.310954
-350	-410	-297207.778965
-350	-400	-264711.929316
-350	-390	-214470.223188
-350	-380	-149896.781494
-350	-370	-75384.211244
-350	-360	3950.883548
-350	-350	82589.659273
-350	-340	154983.978717
-350	-330	215958.637276
-350	-320	261115.812751
-350	-310	287210.748232
-350	-300	292465.523383
-350	-290	276787.952958
-350	-280	241865.674412
-350	-270	191111.733213
-350	-260	129447.639877
-350	-250	62922.883302
-350	-240	-1814.184150
-350	-230	-58161.178539
-350	-220	-100270.611316
-350	-210	-123753.747196
-350	-200	-126296.261614
-350	-190	-108095.028547
-350	-180	-72027.389933
-350	-170	-23478.942267
-350	-160	30214.152657
-350	-150	80705.577231
-350	-140	119896.218562
-350	-130	141367.041606
-350	-120	141765.711955
-350	-110	121854.015278
-350	-100	86881.938177
-350	-90	45971.825155
-350	-80	10308.330456
-350	-70	-9823.113079
-350	-60	-8690.101290
-350	-50	11594.753661
-350	-40	39908.558897
-350	-30	59432.486555
-350	-20	57572.781193
-350	-10	41468.150557
-350	0	41294.829637
-350	10	41121.508716
-350	20	25016.878080
-350	30	23157.172718
-350	40	42681.100376
-350	50	70994.905612
-350	60	91279.760563
-350	70	92412.772352
-350	80	72281.328818
-350	90	36617.834118
-350	100	-4292.278904
-350	110	-39264.356005
-350	120	-59176.052682
-350	130	-58777.382332
-350	140	-37306.559289
-350	150	1884.082042
-350	160	52375.506617
-350	170	106068.601540
-350	180	154617.049206
-350	190	190684.687820
-350	200	208885.920887
-350	210	206343.406469
-350	220	182860.270589
-350	230	140750.837812
-350	240	84403.843423
-350	250	19666.775971
-350	260	-46857.980604
-350	270	-108522.073940
-350	280	-159276.015138
-350	290	-194198.293685
-350	300	-209875.864110
-350	310	-204621.088958
-350	320	-178526.153478
-350	330	-133368.978003
-350	340	-72394.319444
-350	350	0.000000
-350	360	78638.775725
-350	370	157973.870517
-350	380	232486.440767
-350	390	297059.882461
-350	400	347301.588589
-350	410	379797.438238
-350	420	392288.970227
-350	430	383769.029321
-350	440	354496.993031
-350	450	305939.259842
-350	460	240644.355344
-350	470	162064.716613
-350	480	74338.937484
-350	490	-17950.957573

-340	-500	265016.687780
-340	-490	172934.936290
-340	-480	80645.041233
-340	-470	-7080.737896
-340	-460	-85660.376627
-340	-450	-150955.281126
-340	-440	-199513.014315
-340	-430	-228785.050604
-340	-420	-237304.991510
-340	-410	-224813.459521
-340	-400	-192317.609873
-340	-390	-142075.903744
-340	-380	-77502.462050
-340	-370	-2989.891800
-340	-360	76345.202992
-340	-350	154983.978717
-340	-340	227378.298160
-340	-330	288352.956720
-340	-320	333510.132194
-340	-310	359605.067675
-340	-300	364859.842827
-340	-290	349182.272402
-340	-280	314259.993855
-340	-270	263506.052657
-340	-260	201841.959320
-340	-250	135317.202746
-340	-240	70580.135294
-340	-230	14233.140905
-340	-220	-27876.291872
-340	-210	-51359.427752
-340	-200	-53901.942170
-340	-190	-35700.709103
-340	-180	366.929511
-340	-170	48915.377177
-340	-160	102608.472100
-340	-150	153099.896675
-340	-140	192290.538006
-340	-130	213761.361049
-340	-120	214160.031399
-340	-110	194248.334722
-340	-100	159276.257621
-340	-90	118366.144599
-340	-80	82702.649899
-340	-70	62571.206365
-340	-60	63704.218154
-340	-50	83989.073105
-340	-40	112302.878341
-340	-30	131826.805999
-340	-20	129967.100637
-340	-10	113862.470001
-340	0	113689.149080
-340	10	113515.828160
-340	20	97411.197524
-340	30	95551.492162
-340	40	115075.419819
-340	50	143389.225055
-340	60	163674.080007
-340	70	164807.091795
-340	80	144675.648261
-340	90	109012.153562
-340	100	68102.040540
-340	110	33129.963439
-340	120	13218.266762
-340	130	13616.937111
-340	140	35087.760155
-340	150	74278.401485
-340	160	124769.826060
-340	170	178462.920984
-340	180	227011.368650
-340	190	263079.007263
-340	200	281280.240331
-340	210	278737.725912
-340	220	255254.590033
-340	230	213145.157256
-340	240	156798.162867
-340	250	92061.095415
-340	260	25536.338840
-340	270	-36127.754497
-340	280	-86881.695695
-340	290	-121803.974241
-340	300	-137481.544666
-340	310	-132226.769515
-340	320	-106131.834034
-340	330	-60974.658559
-340	340	0.000000
-340	350	72394.319444
-340	360	151033.095169
